"Опыт_работы","Доставки","Среднее_время_доставки","Средний_рейтинг","Оценка_эффективности_доставки","Процент_задержек_доставки","Категория_работника"
15,1049,94.2802669208770257,4.188280499519691,71.63508102955197,8.39,"Хороший"
14,971,94.1730175077239959,4.20104058272633,69.93656024716793,11.23,"Хороший"
13,952,93.9663865546218487,4.206553911205074,68.16586134453787,9.77,"Хороший"
12,1020,94.5323529411764706,4.204039408866998,66.04921568627451,9.02,"Хороший"
11,1015,96.0206896551724138,4.185557768924306,63.58275862068953,9.66,"Хороший"
10,1041,92.8808837656099904,4.2006769825918795,63.29519692603264,9.13,"Хороший"
9,1063,94.1204139228598307,4.188167938931292,61.09604891815603,8.47,"Хороший"
8,975,93.6943589743589744,4.18234683281412,59.14102564102564,9.44,"Средний"
7,981,91.8022426095820591,4.187746625129803,58.12385321100913,8.36,"Средний"
6,1030,95.7922330097087379,4.188408644400784,54.69737864077669,9.81,"Средний"
5,1017,95.2517207472959685,4.197128712871285,53.25457227138648,9.93,"Средний"
4,983,94.0366225839267548,4.193181818181819,51.98575788402849,10.27,"Средний"
3,932,93.4549356223175966,4.201623376623376,50.276394849785476,9.12,"Средний"
2,996,93.8734939759036145,4.218338399189461,48.268975903614496,9.34,"Средний"
1,975,94.0358974358974359,4.199999999999997,46.752512820512834,10.26,"Средний"
